LabVIEW Measurement	
Writer_Version	2
Reader_Version	2
Separator	Tab
Decimal_Separator	.
Multi_Headings	No
X_Columns	No
Time_Pref	Absolute
Operator	mechlab
Description	Data file
Date	2022/03/25
Time	13:17:49.1195998191833496094
***End_of_Header***	
	
Channels	9									
Samples	1	1	1	1	1	1	1	1	1	
Date	2022/03/25	2022/03/25	2022/03/25	2022/03/25	2022/03/25	2022/03/25	2022/03/25	2022/03/25	2022/03/25	
Time	13:17:49.1195998191833496094	13:17:49.1366000175476074219	13:17:49.1565999984741210937	13:17:49.1746001243591308594	13:17:49.1915998458862304687	13:17:49.2076001167297363281	13:17:49.22760009765625	13:17:49.2466001510620117188	13:17:49.1746001243591308594	
X_Dimension	Time	Time	Time	Time	Time	Time	Time	Time	Time	
X0	0.0000000000000000E+0	0.0000000000000000E+0	0.0000000000000000E+0	0.0000000000000000E+0	0.0000000000000000E+0	0.0000000000000000E+0	0.0000000000000000E+0	0.0000000000000000E+0	0.0000000000000000E+0	
Delta_X	1.000000	1.000000	1.000000	1.000000	1.000000	1.000000	1.000000	1.000000	1.000000	
***End_of_Header***										
X_Value	Untitled	Untitled 1	Untitled 2	Untitled 3	Untitled 4	Untitled 5	Untitled 6	Untitled 7	Untitled 8	Comment
	0.000000	172.038659	9.550605	83.698181	-3.593477E-5	-3.817964E-5	-5.162025E-5	-4.362830E-5	-0.266119
	0.155000	176.954950	9.553073	83.687261	-3.691975E-5	-3.892255E-5	-5.201783E-5	-4.418240E-5	-0.277039
	1.155000	163.182895	9.549920	83.691881	-3.675385E-5	-3.874467E-5	-5.128545E-5	-4.275010E-5	-0.272419
	2.155000	174.786629	9.546271	83.682886	-3.529195E-5	-3.869235E-5	-5.199690E-5	-4.278146E-5	-0.281414
	3.155000	183.438442	9.549035	83.676587	-3.560299E-5	-3.842030E-5	-5.230031E-5	-4.360739E-5	-0.287713
	4.155000	175.741978	9.538716	83.664232	-3.512606E-5	-3.873420E-5	-5.219569E-5	-4.375375E-5	-0.300068
	5.155000	177.717082	9.540380	83.669307	-3.536452E-5	-3.854586E-5	-5.198644E-5	-4.279191E-5	-0.294993
	6.155000	202.008711	9.559903	83.661397	-3.569631E-5	-3.887023E-5	-5.146331E-5	-4.240509E-5	-0.302903
	7.155000	173.906420	9.544110	83.668957	-3.527121E-5	-3.938294E-5	-5.202829E-5	-4.325192E-5	-0.295343
	8.155000	182.085926	9.553879	83.664197	-3.530231E-5	-3.912135E-5	-5.217477E-5	-4.394194E-5	-0.300103
	9.155000	174.443133	9.550591	83.656882	-3.557189E-5	-3.800176E-5	-5.064723E-5	-4.368057E-5	-0.307418
	10.155000	168.550025	9.554013	83.622022	-3.525048E-5	-3.794944E-5	-5.009271E-5	-4.388967E-5	-0.342278
	11.155000	185.746308	9.531363	83.629232	-3.507422E-5	-3.825288E-5	-5.160979E-5	-4.333556E-5	-0.335068
	12.155000	163.419049	9.550054	83.626572	-3.464912E-5	-3.827381E-5	-5.160979E-5	-4.317874E-5	-0.337728
	13.155000	182.225471	9.546754	83.668922	-3.587256E-5	-3.879698E-5	-5.203875E-5	-4.318920E-5	-0.295378
	14.155000	177.019355	9.552886	83.669937	-3.621471E-5	-3.873420E-5	-5.123313E-5	-4.307419E-5	-0.294363
	15.155000	185.982462	9.541789	83.668117	-3.514679E-5	-3.907950E-5	-5.171441E-5	-4.360739E-5	-0.296183
	16.155000	168.818381	9.570919	83.668047	-3.593477E-5	-3.923645E-5	-5.149470E-5	-4.272919E-5	-0.296253
	17.155000	187.410118	9.543842	83.658772	-3.558225E-5	-3.911089E-5	-5.115989E-5	-4.261418E-5	-0.305528
	18.155000	179.498969	9.571952	83.638052	-3.639097E-5	-3.871327E-5	-5.121221E-5	-4.301146E-5	-0.326248
	19.155000	167.691284	9.558763	83.627762	-3.625619E-5	-3.800176E-5	-5.049029E-5	-4.321010E-5	-0.336538
	20.155000	178.833445	9.544808	83.617647	-3.653612E-5	-3.771925E-5	-5.062631E-5	-4.328329E-5	-0.346653
	21.155000	171.566351	9.550122	83.623562	-3.471133E-5	-3.822149E-5	-5.189228E-5	-4.290692E-5	-0.340738
	22.155000	180.980297	9.551946	83.635707	-3.526084E-5	-3.830520E-5	-5.197598E-5	-4.323102E-5	-0.328593
	23.155000	162.613979	9.579560	83.635497	-3.577925E-5	-3.789712E-5	-5.220615E-5	-4.359693E-5	-0.328803
	24.155000	181.205716	9.562775	83.613762	-3.451433E-5	-3.777156E-5	-5.188181E-5	-4.292783E-5	-0.350538
	25.155000	175.291139	9.540890	83.605853	-3.532305E-5	-3.895394E-5	-5.334657E-5	-4.338784E-5	-0.358447
	26.155000	189.954138	9.553946	83.600288	-3.603845E-5	-3.807500E-5	-5.175626E-5	-4.262464E-5	-0.364012
	27.155000	188.880712	9.536878	83.599378	-3.663981E-5	-3.806454E-5	-5.185043E-5	-4.266646E-5	-0.364922
	28.155000	168.657367	9.574555	83.600358	-3.674349E-5	-3.870281E-5	-5.218523E-5	-4.201826E-5	-0.363942
	29.155000	183.642393	9.553141	83.601198	-3.659833E-5	-3.921552E-5	-5.275021E-5	-4.215417E-5	-0.363102
	30.155000	179.949808	9.535456	83.602878	-3.588293E-5	-3.858772E-5	-5.317917E-5	-4.394194E-5	-0.361422
	31.155000	180.926626	9.550511	83.602738	-3.549931E-5	-3.893301E-5	-5.300130E-5	-4.348193E-5	-0.361562
	32.155000	170.385583	9.559098	83.599623	-3.492906E-5	-3.900625E-5	-5.361860E-5	-4.369103E-5	-0.364677
	33.155000	174.078168	9.548391	83.596193	-3.504311E-5	-3.939340E-5	-5.346166E-5	-4.378512E-5	-0.368107
	34.155000	176.976418	9.538971	83.601338	-3.646355E-5	-3.971777E-5	-5.312686E-5	-4.284419E-5	-0.362962
	35.155000	183.620925	9.553986	83.601478	-3.585183E-5	-3.921552E-5	-5.318963E-5	-4.379557E-5	-0.362822
	36.155000	178.049844	9.543238	83.594163	-3.665017E-5	-3.990611E-5	-5.194459E-5	-4.328329E-5	-0.370137
	37.155000	181.495541	9.515758	83.595843	-3.639097E-5	-3.948757E-5	-5.185043E-5	-4.346102E-5	-0.368457
	38.155000	183.245226	9.501750	83.587373	-3.656723E-5	-3.925738E-5	-5.205968E-5	-4.323101E-5	-0.376927
	39.155000	197.403714	9.489043	83.573653	-3.548894E-5	-3.951896E-5	-5.323148E-5	-4.394194E-5	-0.390647
	40.155000	192.541094	9.456009	83.570223	-3.534379E-5	-3.963406E-5	-5.260373E-5	-4.400467E-5	-0.394077
	41.155000	188.537215	9.433037	83.565883	-3.641170E-5	-3.933062E-5	-5.275020E-5	-4.309510E-5	-0.398417
	42.155000	186.336692	9.431561	83.573128	-3.543710E-5	-3.948757E-5	-5.351397E-5	-4.373285E-5	-0.391172
	43.155000	188.827040	9.405611	83.566478	-3.682643E-5	-3.992704E-5	-5.223754E-5	-4.277101E-5	-0.397822
	44.155000	192.498157	9.389563	83.568473	-3.656723E-5	-4.008399E-5	-5.271882E-5	-4.428695E-5	-0.395827
	45.155000	187.131027	9.363949	83.574073	-3.643244E-5	-3.907950E-5	-5.164118E-5	-4.283373E-5	-0.390227
	46.155000	177.470194	9.347914	83.572603	-3.649465E-5	-3.903764E-5	-5.256188E-5	-4.335647E-5	-0.391697
	47.155000	190.115152	9.353040	83.581318	-3.635986E-5	-3.981194E-5	-5.375461E-5	-4.354466E-5	-0.382982
	48.155000	181.302325	9.339528	83.570608	-3.538526E-5	-3.929923E-5	-5.346166E-5	-4.371193E-5	-0.393692
	49.155000	187.742880	9.302481	83.568543	-3.599698E-5	-3.932016E-5	-5.281298E-5	-4.398376E-5	-0.395757
	50.155000	180.507989	9.305822	83.566268	-3.574815E-5	-3.918413E-5	-5.355582E-5	-4.423467E-5	-0.398032
	51.155000	174.722224	9.311807	83.567318	-3.638060E-5	-3.978055E-5	-5.300131E-5	-4.279191E-5	-0.396982
	52.155000	199.496894	9.293303	83.566093	-3.614213E-5	-3.967591E-5	-5.264558E-5	-4.325193E-5	-0.398207
	53.155000	200.752802	9.280194	83.574633	-3.592441E-5	-3.888069E-5	-5.225847E-5	-4.355511E-5	-0.389667
	54.155000	183.696064	9.278973	83.571098	-3.726190E-5	-3.918413E-5	-5.221662E-5	-4.304283E-5	-0.393202
	55.155000	189.438893	9.265354	83.568998	-3.731373E-5	-3.879698E-5	-5.240494E-5	-4.387921E-5	-0.395302
	56.155000	178.436277	9.261154	83.564483	-3.757294E-5	-3.969684E-5	-5.354536E-5	-4.421377E-5	-0.399817
	57.155000	180.067885	9.243456	83.574633	-3.626656E-5	-3.983286E-5	-5.353490E-5	-4.325192E-5	-0.389667
	58.155000	178.887116	9.234909	83.568963	-3.725152E-5	-3.902718E-5	-5.240494E-5	-4.356557E-5	-0.395337
	59.155000	187.957565	9.224778	83.566793	-3.693011E-5	-3.900625E-5	-5.205968E-5	-4.352375E-5	-0.397507
	60.155000	183.202289	9.232534	83.570363	-3.613177E-5	-3.983286E-5	-5.350351E-5	-4.380603E-5	-0.393937
	61.155000	174.668552	9.207939	83.570608	-3.694048E-5	-3.905857E-5	-5.175626E-5	-4.335647E-5	-0.393692
	62.155000	173.723938	9.222712	83.567668	-3.620435E-5	-3.934108E-5	-5.331518E-5	-4.432877E-5	-0.396632
	63.155000	193.668191	9.196494	83.567178	-3.600735E-5	-3.994796E-5	-5.239448E-5	-4.394194E-5	-0.397122
	64.155000	177.169635	9.203632	83.562488	-3.638060E-5	-3.990611E-5	-5.260373E-5	-4.321011E-5	-0.401812
	65.155000	183.524316	9.200747	83.573933	-3.556152E-5	-3.957128E-5	-5.351397E-5	-4.432877E-5	-0.390367
	66.155000	176.493376	9.186645	83.570433	-3.618361E-5	-3.926784E-5	-5.254096E-5	-4.340875E-5	-0.393867
	67.155000	166.446110	9.189047	83.572533	-3.538526E-5	-3.919459E-5	-5.294899E-5	-4.429740E-5	-0.391767
	68.155000	186.583580	9.171362	83.572953	-3.592440E-5	-4.102569E-5	-5.395340E-5	-4.505015E-5	-0.391347
	69.155000	182.944666	9.162667	83.570118	-3.752110E-5	-4.045021E-5	-5.408941E-5	-4.462150E-5	-0.394182
	70.155000	175.183797	9.168651	83.569418	-3.731373E-5	-4.057577E-5	-5.265604E-5	-4.418240E-5	-0.394882
	71.155000	184.694351	9.147076	83.570048	-3.727226E-5	-4.049206E-5	-5.326287E-5	-4.436013E-5	-0.394252
	72.155000	183.696064	9.157501	83.565568	-3.623545E-5	-4.081643E-5	-5.409987E-5	-4.474696E-5	-0.398732
	73.155000	186.615783	9.134906	83.564938	-3.626655E-5	-4.073272E-5	-5.325241E-5	-4.410922E-5	-0.399362
	74.155000	190.684067	9.129753	83.562838	-3.590367E-5	-4.033511E-5	-5.381738E-5	-4.523833E-5	-0.401462
	75.155000	171.577086	9.125111	83.570958	-3.712711E-5	-4.033511E-5	-5.329425E-5	-4.382694E-5	-0.393342
	76.155000	188.354733	9.115584	83.571588	-3.755220E-5	-4.101523E-5	-5.443467E-5	-4.605380E-5	-0.392712
	77.155000	175.892258	9.104648	83.571588	-3.742779E-5	-4.059670E-5	-5.377553E-5	-4.438104E-5	-0.392712
	78.155000	183.631659	9.095363	83.568473	-3.755220E-5	-3.978055E-5	-5.266651E-5	-4.395240E-5	-0.395827
	79.155000	197.575462	9.100408	83.567738	-3.787361E-5	-4.088967E-5	-5.391155E-5	-4.494560E-5	-0.396562
	80.155000	177.362851	9.075397	83.572183	-3.851644E-5	-4.072226E-5	-5.372322E-5	-4.505014E-5	-0.392117
	81.155000	168.152857	9.064985	83.571133	-3.661907E-5	-3.911089E-5	-5.393247E-5	-4.533242E-5	-0.393167
	82.155000	196.351756	9.059511	83.572673	-3.784251E-5	-3.922598E-5	-5.261419E-5	-4.443331E-5	-0.391627
	83.155000	174.979846	9.071238	83.566863	-3.821576E-5	-3.991657E-5	-5.288622E-5	-4.381648E-5	-0.397437
	84.155000	176.225020	9.042752	83.569593	-3.661907E-5	-3.918413E-5	-5.281298E-5	-4.429740E-5	-0.394707
	85.155000	170.321177	9.053473	83.570643	-3.639097E-5	-3.990611E-5	-5.292807E-5	-4.420331E-5	-0.393657
	86.155000	171.351666	9.037894	83.568998	-3.747963E-5	-4.072226E-5	-5.230031E-5	-4.440195E-5	-0.395302
	87.155000	182.075191	9.024691	83.563993	-3.789435E-5	-3.972823E-5	-5.209107E-5	-4.376421E-5	-0.400307
	88.155000	176.504111	9.013528	83.567528	-3.742778E-5	-3.989565E-5	-5.221661E-5	-4.369103E-5	-0.396772
	89.155000	176.622188	9.012722	83.566338	-3.772846E-5	-4.025140E-5	-5.315824E-5	-4.449604E-5	-0.397962
	90.155000	187.571132	8.980224	83.569838	-3.687827E-5	-3.943525E-5	-5.270835E-5	-4.461105E-5	-0.394462
	91.155000	177.083761	8.990006	83.565778	-3.717895E-5	-3.938294E-5	-5.224800E-5	-4.424513E-5	-0.398522
	92.155000	185.220329	8.974669	83.568753	-3.738631E-5	-3.889116E-5	-5.272928E-5	-4.462150E-5	-0.395547
	93.155000	184.329386	8.973019	83.568823	-3.673312E-5	-3.876559E-5	-5.245726E-5	-4.304283E-5	-0.395477
	94.155000	179.745857	8.950450	83.565918	-3.647392E-5	-3.924691E-5	-5.187135E-5	-4.358648E-5	-0.398382
	95.155000	190.748473	8.961721	83.569698	-3.655686E-5	-3.920506E-5	-5.237355E-5	-4.346102E-5	-0.394602
	96.155000	182.890995	8.958018	83.564448	-3.737594E-5	-3.896440E-5	-5.191320E-5	-4.332511E-5	-0.399852
	97.155000	174.378727	8.940320	83.569208	-3.731374E-5	-3.936201E-5	-5.202829E-5	-4.340875E-5	-0.395092
	98.155000	184.833896	8.937864	83.568683	-3.724116E-5	-4.049206E-5	-5.330472E-5	-4.322056E-5	-0.395617
	99.155000	180.164493	8.920582	83.571833	-3.743815E-5	-3.912135E-5	-5.268743E-5	-4.451695E-5	-0.392467
	100.155000	178.017641	8.914973	83.568648	-3.788398E-5	-3.984333E-5	-5.344073E-5	-4.465286E-5	-0.395652
	101.155000	164.428069	8.907110	83.572463	-3.702343E-5	-3.949803E-5	-5.281298E-5	-4.448559E-5	-0.391837
	102.155000	173.884951	8.899516	83.571623	-3.691975E-5	-4.019909E-5	-5.266651E-5	-4.447513E-5	-0.392677
	103.155000	169.666388	8.887896	83.569663	-3.730336E-5	-3.992704E-5	-5.252003E-5	-4.383739E-5	-0.394637
	104.155000	173.723938	8.877215	83.571448	-3.768699E-5	-3.983286E-5	-5.192366E-5	-4.397330E-5	-0.392852
	105.155000	169.934744	8.873740	83.566618	-3.817429E-5	-4.022001E-5	-5.179811E-5	-4.437059E-5	-0.397682
	106.155000	160.671078	8.864764	83.569173	-3.690938E-5	-3.973869E-5	-5.241540E-5	-4.453786E-5	-0.395127
	107.155000	159.812338	8.847978	83.571448	-3.732410E-5	-3.941433E-5	-5.177719E-5	-4.463195E-5	-0.392852
	108.155000	160.327582	8.855022	83.568718	-3.803950E-5	-3.959221E-5	-5.272928E-5	-4.477832E-5	-0.395582
	109.155000	148.176401	8.846502	83.563223	-3.815355E-5	-4.003167E-5	-5.189228E-5	-4.374330E-5	-0.401077
	110.155000	179.187676	8.816245	83.568438	-3.906594E-5	-3.925737E-5	-5.163071E-5	-4.411967E-5	-0.395862
	111.155000	163.945027	8.826791	83.566653	-3.697159E-5	-3.893301E-5	-5.283390E-5	-4.453786E-5	-0.397647
	112.155000	162.742790	8.819948	83.563993	-3.794619E-5	-3.905857E-5	-5.173534E-5	-4.379557E-5	-0.400307
	113.155000	161.841113	8.807979	83.565253	-3.826760E-5	-3.966545E-5	-5.172487E-5	-4.397331E-5	-0.399047
	114.155000	163.483454	8.776903	83.552268	-3.773882E-5	-4.061762E-5	-5.299084E-5	-4.395239E-5	-0.412032
	115.155000	153.242971	8.795769	83.525144	-3.751073E-5	-4.018862E-5	-5.298038E-5	-4.497696E-5	-0.439156
	116.155000	160.102163	8.782378	83.520874	-3.808098E-5	-4.093153E-5	-5.267697E-5	-4.439150E-5	-0.443426
	117.155000	160.112897	8.773562	83.487869	-3.835055E-5	-4.037696E-5	-5.213291E-5	-4.482014E-5	-0.476431
	118.155000	160.241708	8.784203	83.498089	-3.813282E-5	-3.987472E-5	-5.250957E-5	-4.490378E-5	-0.466211
	119.155000	149.722134	8.761728	83.472399	-3.869269E-5	-4.013630E-5	-5.444513E-5	-4.429740E-5	-0.491901
	120.155000	140.512139	8.747505	83.472119	-3.814318E-5	-3.997935E-5	-5.275020E-5	-4.499787E-5	-0.492181
	121.155000	135.091338	8.750806	83.470719	-3.779067E-5	-4.102570E-5	-5.437190E-5	-4.519651E-5	-0.493581
	122.155000	136.991302	8.736636	83.472609	-3.820539E-5	-4.036650E-5	-5.360813E-5	-4.472605E-5	-0.491691
	123.155000	146.319374	8.753382	83.473204	-3.660870E-5	-3.982240E-5	-5.320009E-5	-4.488287E-5	-0.491096
	124.155000	144.247662	8.724762	83.475269	-3.831944E-5	-4.107801E-5	-5.366044E-5	-4.501878E-5	-0.489031
	125.155000	152.352027	8.732933	83.458470	-3.735521E-5	-4.035604E-5	-5.328380E-5	-4.466332E-5	-0.505830
	126.155000	136.787351	8.708888	83.427390	-3.813282E-5	-4.097338E-5	-5.443467E-5	-4.473650E-5	-0.536910
	127.155000	156.570591	8.705104	83.436630	-3.659833E-5	-4.115126E-5	-5.433005E-5	-4.496650E-5	-0.527670
	128.155000	138.558504	8.696369	83.420355	-3.672275E-5	-4.048160E-5	-5.499965E-5	-4.562515E-5	-0.543945
	129.155000	130.947914	8.668823	83.406425	-3.804987E-5	-4.068040E-5	-5.349305E-5	-4.479923E-5	-0.557875
	130.155000	133.663682	8.669950	83.408105	-3.790472E-5	-4.079550E-5	-5.492641E-5	-4.629426E-5	-0.556195
	131.155000	139.427979	8.659779	83.394211	-3.807060E-5	-4.058623E-5	-5.417311E-5	-4.587607E-5	-0.570089
	132.155000	126.718616	8.652694	83.390991	-3.752109E-5	-4.007352E-5	-5.359767E-5	-4.537424E-5	-0.573309
	133.155000	126.407323	8.640860	83.384586	-3.891043E-5	-4.001074E-5	-5.363952E-5	-4.558334E-5	-0.579714
	134.155000	121.641312	8.646683	83.380841	-3.865122E-5	-3.979101E-5	-5.326287E-5	-4.447513E-5	-0.583459
	135.155000	122.017011	8.623014	83.378146	-3.810171E-5	-4.012584E-5	-5.356628E-5	-4.547879E-5	-0.586154
	136.155000	115.308099	8.608456	83.378006	-3.938735E-5	-4.115126E-5	-5.305362E-5	-4.489332E-5	-0.586294
	137.155000	137.302596	8.619740	83.373876	-3.966729E-5	-4.009445E-5	-5.305362E-5	-4.478878E-5	-0.590424
	138.155000	105.539923	8.615339	83.374786	-3.773883E-5	-4.024094E-5	-5.376507E-5	-4.590743E-5	-0.589514
	139.155000	121.018725	8.590825	83.373806	-3.823649E-5	-4.037696E-5	-5.396386E-5	-4.505015E-5	-0.590494
	140.155000	113.579883	8.597533	83.359841	-3.775956E-5	-4.072226E-5	-5.364998E-5	-4.397330E-5	-0.604459
	141.155000	113.912645	8.583646	83.357006	-3.745888E-5	-4.036650E-5	-5.330472E-5	-4.414058E-5	-0.607294
	142.155000	113.032436	8.572791	83.311437	-3.832981E-5	-4.060716E-5	-5.469623E-5	-4.511287E-5	-0.652863
	143.155000	107.332544	8.556891	83.311787	-3.759367E-5	-4.039789E-5	-5.357674E-5	-4.401512E-5	-0.652513
	144.155000	97.993738	8.555120	83.306852	-3.852680E-5	-3.957128E-5	-5.276067E-5	-4.450650E-5	-0.657448
	145.155000	114.706980	8.529129	83.309547	-3.806024E-5	-4.043975E-5	-5.366044E-5	-4.416149E-5	-0.654753
	146.155000	91.617588	8.518811	83.304437	-3.770772E-5	-4.017816E-5	-5.280252E-5	-4.559379E-5	-0.659863
	147.155000	101.772198	8.507486	83.309477	-3.756257E-5	-4.043974E-5	-5.338842E-5	-4.607471E-5	-0.654823
	148.155000	96.190383	8.512504	83.317597	-3.704416E-5	-4.166396E-5	-5.435097E-5	-4.517560E-5	-0.646703
	149.155000	98.637794	8.509660	83.336951	-3.856828E-5	-4.131867E-5	-5.411033E-5	-4.568788E-5	-0.627349
	150.155000	88.987695	8.491479	83.342656	-3.802913E-5	-4.103616E-5	-5.393247E-5	-4.567743E-5	-0.621644
	151.155000	94.827132	8.484072	83.347976	-3.788398E-5	-4.047113E-5	-5.269789E-5	-4.497696E-5	-0.616324
	152.155000	88.504653	8.480771	83.335551	-3.789435E-5	-4.059669E-5	-5.311639E-5	-4.537424E-5	-0.628749
	153.155000	88.032346	8.473459	83.329041	-3.800840E-5	-4.009445E-5	-5.220615E-5	-4.487241E-5	-0.635259
	154.155000	81.538119	8.460819	83.309547	-3.796692E-5	-3.988518E-5	-5.233170E-5	-4.517560E-5	-0.654753
	155.155000	78.586198	8.452258	83.307937	-3.834017E-5	-3.994796E-5	-5.262466E-5	-4.528015E-5	-0.656363
	156.155000	79.230253	8.433004	83.278012	-3.730337E-5	-4.099431E-5	-5.321055E-5	-4.505014E-5	-0.686288
	157.155000	82.922838	8.428844	83.278117	-3.797729E-5	-4.015723E-5	-5.421496E-5	-4.561470E-5	-0.686183
	158.155000	88.000143	8.417197	83.267022	-3.801876E-5	-4.040835E-5	-5.332564E-5	-4.569834E-5	-0.697278
	159.155000	91.531714	8.418606	83.224218	-3.841275E-5	-4.080596E-5	-5.280251E-5	-4.482014E-5	-0.740082
	160.155000	77.416163	8.414876	83.222853	-3.847496E-5	-4.062809E-5	-5.399524E-5	-4.617926E-5	-0.741447
	161.155000	70.063196	8.407684	83.206578	-3.769735E-5	-4.035603E-5	-5.403709E-5	-4.589698E-5	-0.757722
	162.155000	76.052913	8.392146	83.207103	-3.828834E-5	-4.033511E-5	-5.253049E-5	-4.494560E-5	-0.757197
	163.155000	65.597744	8.379762	83.211688	-3.801876E-5	-4.093153E-5	-5.296992E-5	-4.497696E-5	-0.752612
	164.155000	62.978585	8.381519	83.203323	-3.830907E-5	-3.972823E-5	-5.212245E-5	-4.542651E-5	-0.760977
	165.155000	51.385585	8.367645	83.201643	-3.870306E-5	-3.997935E-5	-5.198644E-5	-4.437059E-5	-0.762657
	166.155000	69.816308	8.360292	83.184564	-3.808097E-5	-4.022001E-5	-5.289668E-5	-4.531151E-5	-0.779736
	167.155000	62.366732	8.350739	83.146694	-3.814318E-5	-4.040835E-5	-5.227939E-5	-4.499787E-5	-0.817606
	168.155000	46.662511	8.331498	83.147044	-3.845423E-5	-4.026186E-5	-5.169349E-5	-4.463196E-5	-0.817256
	169.155000	62.967850	8.357233	83.151139	-3.780104E-5	-4.054438E-5	-5.325241E-5	-4.612698E-5	-0.813161
	170.155000	59.178657	8.322548	83.146939	-3.716858E-5	-4.028279E-5	-5.307454E-5	-4.558334E-5	-0.817361
	171.155000	58.062294	8.339830	83.147114	-3.775956E-5	-3.963406E-5	-5.241540E-5	-4.520696E-5	-0.817186
	172.155000	57.589987	8.311814	83.144454	-3.848533E-5	-4.057577E-5	-5.327333E-5	-4.526969E-5	-0.819846
	173.155000	38.225383	8.321890	83.147639	-3.745889E-5	-4.075365E-5	-5.364998E-5	-4.592834E-5	-0.816661
	174.155000	47.167021	8.310338	83.144699	-3.831944E-5	-3.981194E-5	-5.245725E-5	-4.492469E-5	-0.819601
	175.155000	42.336604	8.293874	83.141724	-3.867196E-5	-4.061762E-5	-5.294899E-5	-4.426604E-5	-0.822576
	176.155000	48.562475	8.267427	83.143439	-3.761441E-5	-4.029326E-5	-5.427773E-5	-4.503969E-5	-0.820861
	177.155000	33.309092	8.289768	83.147569	-3.803950E-5	-4.008399E-5	-5.351397E-5	-4.572970E-5	-0.816731
	178.155000	28.811437	8.260316	83.127164	-3.818465E-5	-3.986426E-5	-5.349304E-5	-4.476786E-5	-0.837136
	179.155000	41.531535	8.256492	83.128844	-3.712710E-5	-3.953989E-5	-5.283390E-5	-4.499787E-5	-0.835456
	180.155000	29.992206	8.252560	83.113515	-3.776993E-5	-3.878652E-5	-5.214337E-5	-4.457968E-5	-0.850785
	181.155000	43.141674	8.241303	83.117400	-3.784251E-5	-3.899579E-5	-5.117036E-5	-4.460059E-5	-0.846900
	182.155000	25.408677	8.229052	83.125414	-3.768699E-5	-3.973869E-5	-5.275020E-5	-4.384785E-5	-0.838886
	183.155000	30.850947	8.242161	83.115335	-3.709600E-5	-3.944572E-5	-5.345120E-5	-4.465286E-5	-0.848965
	184.155000	23.830741	8.238955	83.115195	-3.735521E-5	-3.915274E-5	-5.244679E-5	-4.394194E-5	-0.849105
	185.155000	33.588183	8.205920	83.113235	-3.710637E-5	-3.942479E-5	-5.232124E-5	-4.378512E-5	-0.851065
	186.155000	37.763810	8.197238	83.114600	-3.694048E-5	-3.939340E-5	-5.217476E-5	-4.395239E-5	-0.849700
	187.155000	21.458470	8.198929	83.108825	-3.651538E-5	-3.946664E-5	-5.301177E-5	-4.538470E-5	-0.855475
	188.155000	24.303049	8.196782	83.108405	-3.690938E-5	-3.852493E-5	-5.191320E-5	-4.422422E-5	-0.855895
	189.155000	34.532798	8.187484	83.103610	-3.684716E-5	-3.911089E-5	-5.170395E-5	-4.393148E-5	-0.860690
	190.155000	2.512502	8.164163	83.110190	-3.648428E-5	-3.876559E-5	-5.141100E-5	-4.457968E-5	-0.854110
	191.155000	15.876655	8.170872	83.114740	-3.669164E-5	-3.964452E-5	-5.165164E-5	-4.430786E-5	-0.849560
	192.155000	25.258398	8.167451	83.106690	-3.677459E-5	-3.966545E-5	-5.189227E-5	-4.410922E-5	-0.857610
	193.155000	13.171622	8.153872	83.111660	-3.743815E-5	-3.924691E-5	-5.173534E-5	-4.432877E-5	-0.852640
	194.155000	10.434386	8.152154	83.112290	-3.668128E-5	-3.925738E-5	-5.321056E-5	-4.473650E-5	-0.852010
	195.155000	15.726375	8.134081	83.097275	-3.757293E-5	-3.890162E-5	-5.236309E-5	-4.484105E-5	-0.867025
	196.155000	15.125257	8.130793	83.092340	-3.622508E-5	-3.970731E-5	-5.351397E-5	-4.574016E-5	-0.871960
	197.155000	21.082771	8.121025	83.070325	-3.662944E-5	-3.901672E-5	-5.276066E-5	-4.510242E-5	-0.893975
	198.155000	-7.803121	8.117523	83.080405	-3.771809E-5	-3.897486E-5	-5.204921E-5	-4.502923E-5	-0.883895
	199.155000	11.711763	8.100818	83.076170	-3.687827E-5	-4.048160E-5	-5.335703E-5	-4.523833E-5	-0.888130
	200.155000	9.103338	8.099946	83.068785	-3.789435E-5	-4.010491E-5	-5.287575E-5	-4.392103E-5	-0.895515
	201.155000	9.360960	8.059558	83.055380	-3.801876E-5	-3.877606E-5	-5.303269E-5	-4.518606E-5	-0.908920
	202.155000	5.292675	8.064938	83.050341	-3.838165E-5	-4.059669E-5	-5.309547E-5	-4.626289E-5	-0.913959
	203.155000	5.260473	8.074666	83.057795	-3.814318E-5	-3.948757E-5	-5.259327E-5	-4.583425E-5	-0.906505
	204.155000	-4.915605	8.031783	83.079005	-3.753146E-5	-3.955035E-5	-5.200736E-5	-4.447513E-5	-0.885295
	205.155000	5.968934	8.016889	83.045651	-3.826760E-5	-4.018862E-5	-5.327333E-5	-4.558334E-5	-0.918649
	206.155000	-17.217066	7.992670	83.048206	-3.735521E-5	-3.902718E-5	-5.311639E-5	-4.563561E-5	-0.916094
	207.155000	-28.885206	7.978514	83.047821	-3.769736E-5	-3.868188E-5	-5.196551E-5	-4.488287E-5	-0.916479
	208.155000	-9.703085	7.984740	83.031126	-3.709600E-5	-3.878652E-5	-5.194459E-5	-4.376421E-5	-0.933174
	209.155000	-30.720764	7.935147	83.036936	-3.759367E-5	-3.819010E-5	-5.181904E-5	-4.413013E-5	-0.927364
	210.155000	-32.513386	7.927848	83.022936	-3.648428E-5	-3.884930E-5	-5.276067E-5	-4.547879E-5	-0.941364
	211.155000	-43.537470	7.910056	82.978417	-3.770772E-5	-3.880745E-5	-5.188181E-5	-4.354466E-5	-0.985883
	212.155000	-43.966840	7.881436	82.980412	-3.783214E-5	-3.895393E-5	-5.180857E-5	-4.335647E-5	-0.983888
	213.155000	-58.071657	7.872137	83.001061	-3.718931E-5	-3.907950E-5	-5.252003E-5	-4.442286E-5	-0.963239
	214.155000	-40.982716	7.842027	82.983282	-3.653612E-5	-3.883884E-5	-5.228985E-5	-4.358648E-5	-0.981018
	215.155000	-40.843171	7.828932	82.957592	-3.747962E-5	-3.887023E-5	-5.245725E-5	-4.387921E-5	-1.006708
	216.155000	-48.593306	7.816225	82.909048	-3.716858E-5	-3.823196E-5	-5.199690E-5	-4.443331E-5	-1.055252
	217.155000	-57.169979	7.795709	82.886578	-3.909705E-5	-3.915274E-5	-5.192366E-5	-4.383739E-5	-1.077722
	218.155000	-68.891790	7.786035	82.885493	-3.695085E-5	-3.902718E-5	-5.296992E-5	-4.489332E-5	-1.078807
	219.155000	-76.287695	7.763359	82.885983	-3.728263E-5	-3.964452E-5	-5.375461E-5	-4.439149E-5	-1.078317
	220.155000	-67.238714	7.730914	82.875868	-3.739668E-5	-3.960267E-5	-5.285483E-5	-4.376421E-5	-1.088432
	221.155000	-78.219862	7.715846	82.871913	-3.730336E-5	-3.845169E-5	-5.223754E-5	-4.370148E-5	-1.092387
	222.155000	-85.669438	7.719442	82.855918	-3.726189E-5	-3.992703E-5	-5.324194E-5	-4.350284E-5	-1.108382
	223.155000	-79.175211	7.669326	82.850913	-3.668128E-5	-3.915274E-5	-5.220615E-5	-4.342966E-5	-1.113387
	224.155000	-103.230686	7.658632	82.851928	-3.733447E-5	-3.928877E-5	-5.246771E-5	-4.396285E-5	-1.112372
	225.155000	-99.430758	7.654339	82.850248	-3.813282E-5	-3.884930E-5	-5.186089E-5	-4.387921E-5	-1.114052
	226.155000	-95.265865	7.639726	82.853818	-3.843349E-5	-4.016770E-5	-5.253049E-5	-4.465286E-5	-1.110482
	227.155000	-101.803029	7.623692	82.827009	-3.762477E-5	-3.919459E-5	-5.287575E-5	-4.505014E-5	-1.137291
	228.155000	-113.235015	7.595313	82.842864	-3.804987E-5	-3.866096E-5	-5.246771E-5	-4.396285E-5	-1.121436
	229.155000	-119.256935	7.575764	82.831874	-3.780103E-5	-3.883883E-5	-5.317917E-5	-4.405694E-5	-1.132426
	230.155000	-115.317462	7.566398	82.796419	-3.822613E-5	-3.843076E-5	-5.260373E-5	-4.340875E-5	-1.167881
	231.155000	-127.103678	7.538314	82.793479	-3.834017E-5	-3.847262E-5	-5.172487E-5	-4.359693E-5	-1.170821
	232.155000	-115.596552	7.542326	82.790154	-3.645318E-5	-3.799130E-5	-5.293853E-5	-4.421376E-5	-1.174146
	233.155000	-122.423541	7.505910	82.787984	-3.747962E-5	-3.876559E-5	-5.279205E-5	-4.422422E-5	-1.176316
	234.155000	-137.311959	7.478779	82.785044	-3.771809E-5	-3.823195E-5	-5.203875E-5	-4.370148E-5	-1.179256
	235.155000	-132.943115	7.476498	82.797084	-3.730336E-5	-3.942479E-5	-5.306408E-5	-4.461105E-5	-1.167216
	236.155000	-134.499583	7.465469	82.780880	-3.719968E-5	-3.939340E-5	-5.300131E-5	-4.426604E-5	-1.183420
	237.155000	-142.142376	7.428717	82.739965	-3.703379E-5	-3.801222E-5	-5.153655E-5	-4.338783E-5	-1.224335
	238.155000	-131.408116	7.437519	82.741190	-3.738631E-5	-3.812732E-5	-5.166210E-5	-4.396285E-5	-1.223110
	239.155000	-139.351468	7.396810	82.738845	-3.700269E-5	-3.929923E-5	-5.277113E-5	-4.461105E-5	-1.225455
	240.155000	-153.939326	7.392422	82.721450	-3.760404E-5	-3.830520E-5	-5.139007E-5	-4.356557E-5	-1.242850
	241.155000	-152.200376	7.390933	82.726595	-3.676422E-5	-3.902718E-5	-5.280252E-5	-4.510242E-5	-1.237705
	242.155000	-164.040264	7.383700	82.722465	-3.669164E-5	-3.923645E-5	-5.243633E-5	-4.476787E-5	-1.241835
	243.155000	-155.109361	7.345943	82.713541	-3.757294E-5	-3.948757E-5	-5.195505E-5	-4.418240E-5	-1.250759
	244.155000	-177.350746	7.337664	82.707381	-3.724116E-5	-3.870281E-5	-5.157840E-5	-4.337738E-5	-1.256919
	245.155000	-177.908927	7.330472	82.656036	-3.687827E-5	-3.940386E-5	-5.189228E-5	-4.465286E-5	-1.308264
	246.155000	-173.336133	7.294230	82.684981	-3.728263E-5	-3.921552E-5	-5.264558E-5	-4.391058E-5	-1.279319
	247.155000	-165.360578	7.289373	82.702621	-3.727226E-5	-3.828428E-5	-5.146331E-5	-4.418240E-5	-1.261679
	248.155000	-174.345153	7.243122	82.719210	-3.787361E-5	-3.834705E-5	-5.165164E-5	-4.439149E-5	-1.245090
	249.155000	-188.246019	7.249334	82.697441	-3.662943E-5	-3.847262E-5	-5.223754E-5	-4.425558E-5	-1.266859
	250.155000	-190.231857	7.219520	82.703741	-3.701306E-5	-3.771924E-5	-5.178765E-5	-4.409876E-5	-1.260559
	251.155000	-185.068678	7.218178	82.635247	-3.789435E-5	-3.939340E-5	-5.314778E-5	-4.442286E-5	-1.329053
	252.155000	-206.215169	7.197756	82.636017	-3.649465E-5	-3.884930E-5	-5.237355E-5	-4.462150E-5	-1.328283
	253.155000	-192.410912	7.170585	82.641582	-3.769735E-5	-3.938294E-5	-5.150516E-5	-4.367012E-5	-1.322718
	254.155000	-201.427690	7.153745	82.626147	-3.706490E-5	-3.849354E-5	-5.228985E-5	-4.516515E-5	-1.338153
	255.155000	-200.246921	7.148995	82.632132	-3.632876E-5	-3.864003E-5	-5.285483E-5	-4.517560E-5	-1.332168
	256.155000	-216.874289	7.126333	82.629227	-3.614214E-5	-3.925738E-5	-5.329426E-5	-4.475741E-5	-1.335073
	257.155000	-231.236728	7.116632	82.632447	-3.672275E-5	-3.849354E-5	-5.192366E-5	-4.474696E-5	-1.331853
	258.155000	-209.832615	7.112257	82.621842	-3.656723E-5	-3.960267E-5	-5.239448E-5	-4.514424E-5	-1.342458
	259.155000	-216.541527	7.079129	82.617817	-3.678496E-5	-3.905857E-5	-5.309547E-5	-4.617926E-5	-1.346483
	260.155000	-238.342807	7.050401	82.596572	-3.775956E-5	-3.917367E-5	-5.208060E-5	-4.553106E-5	-1.367728
	261.155000	-230.259910	7.045973	82.606232	-3.654649E-5	-4.007352E-5	-5.326287E-5	-4.558334E-5	-1.358068
	262.155000	-223.175299	7.044779	82.603677	-3.803950E-5	-3.911089E-5	-5.182950E-5	-4.554151E-5	-1.360623
	263.155000	-237.151304	6.997897	82.597412	-3.710637E-5	-3.891208E-5	-5.261419E-5	-4.603289E-5	-1.366888
	264.155000	-223.937431	7.000326	82.593947	-3.723079E-5	-4.015723E-5	-5.321056E-5	-4.582379E-5	-1.370353
	265.155000	-226.341905	6.995307	82.593667	-3.758330E-5	-3.945618E-5	-5.245725E-5	-4.601198E-5	-1.370633
	266.155000	-254.422728	6.959093	82.584498	-3.795655E-5	-3.971777E-5	-5.226893E-5	-4.556243E-5	-1.379802
	267.155000	-247.327382	6.939918	82.582153	-3.782177E-5	-3.981194E-5	-5.348258E-5	-4.586561E-5	-1.382147
	268.155000	-254.261714	6.918678	82.583133	-3.837128E-5	-3.944572E-5	-5.232124E-5	-4.498742E-5	-1.381167
	269.155000	-248.422277	6.911312	82.558633	-3.731373E-5	-4.040835E-5	-5.295946E-5	-4.563561E-5	-1.405667
	270.155000	-262.376814	6.889870	82.557268	-3.742778E-5	-4.005260E-5	-5.372322E-5	-4.625244E-5	-1.407032
	271.155000	-261.786430	6.867636	82.526363	-3.735521E-5	-3.874467E-5	-5.358721E-5	-4.549970E-5	-1.437937
	272.155000	-263.332163	6.845054	82.530038	-3.825723E-5	-3.926784E-5	-5.256188E-5	-4.447513E-5	-1.434262
	273.155000	-271.941039	6.838936	82.531193	-3.772846E-5	-3.994796E-5	-5.400571E-5	-4.505014E-5	-1.433107
	274.155000	-272.638766	6.834253	82.521883	-3.680569E-5	-3.932016E-5	-5.275020E-5	-4.577152E-5	-1.442417
	275.155000	-279.347678	6.807525	82.523353	-3.685754E-5	-3.927830E-5	-5.382785E-5	-4.546833E-5	-1.440947
	276.155000	-275.590687	6.783748	82.525838	-3.765588E-5	-4.105709E-5	-5.364998E-5	-4.495605E-5	-1.438462
	277.155000	-287.162219	6.764856	82.524683	-3.691974E-5	-3.920506E-5	-5.289668E-5	-4.522787E-5	-1.439617
	278.155000	-285.380332	6.754698	82.523143	-3.719968E-5	-4.012584E-5	-5.258280E-5	-4.558333E-5	-1.441157
	279.155000	-290.479105	6.728950	82.514499	-3.711674E-5	-4.049206E-5	-5.326287E-5	-4.526969E-5	-1.449801
	280.155000	-294.032145	6.719195	82.507674	-3.739668E-5	-4.058623E-5	-5.388016E-5	-4.649290E-5	-1.456626
	281.155000	-285.144178	6.701805	82.489229	-3.717895E-5	-3.964452E-5	-5.363952E-5	-4.563561E-5	-1.475071
	282.155000	-313.267937	6.696465	82.486184	-3.791509E-5	-4.001074E-5	-5.243633E-5	-4.539515E-5	-1.478116
	283.155000	-316.305733	6.659968	82.496789	-3.672275E-5	-4.003167E-5	-5.307454E-5	-4.623153E-5	-1.467511
	284.155000	-317.207410	6.662894	82.487899	-3.721005E-5	-3.966545E-5	-5.218523E-5	-4.525924E-5	-1.476401
	285.155000	-320.588702	6.636863	82.470644	-3.789435E-5	-3.987472E-5	-5.270835E-5	-4.546833E-5	-1.493656
	286.155000	-318.699472	6.626880	82.462139	-3.764551E-5	-4.006306E-5	-5.293853E-5	-4.565652E-5	-1.502161
	287.155000	-327.115132	6.604647	82.454859	-3.743815E-5	-3.968638E-5	-5.249910E-5	-4.584470E-5	-1.509441
	288.155000	-326.675027	6.589646	82.457799	-3.769735E-5	-3.982240E-5	-5.321056E-5	-4.592834E-5	-1.506501
	289.155000	-338.396838	6.558664	82.461894	-3.819502E-5	-4.099431E-5	-5.394293E-5	-4.607471E-5	-1.502406
	290.155000	-314.749265	6.544280	82.461334	-3.951177E-5	-4.028279E-5	-5.315824E-5	-4.582380E-5	-1.502966
	291.155000	-317.615312	6.556624	82.455979	-3.740705E-5	-3.970730E-5	-5.305362E-5	-4.694245E-5	-1.508321
	292.155000	-332.331982	6.537705	82.460984	-3.841275E-5	-4.081642E-5	-5.302223E-5	-4.585516E-5	-1.503316
	293.155000	-336.003099	6.513191	82.446180	-3.845423E-5	-4.146516E-5	-5.437190E-5	-4.702609E-5	-1.518120
	294.155000	-337.323412	6.485979	82.427560	-3.696122E-5	-4.061762E-5	-5.392201E-5	-4.653472E-5	-1.536740
	295.155000	-347.005714	6.480075	82.426930	-3.803950E-5	-4.099430E-5	-5.382784E-5	-4.604334E-5	-1.537370
	296.155000	-348.175749	6.467248	82.426475	-3.680570E-5	-4.094199E-5	-5.425681E-5	-4.595971E-5	-1.537825
	297.155000	-342.132361	6.455829	82.422240	-3.813282E-5	-4.115126E-5	-5.390108E-5	-4.509196E-5	-1.542060
	298.155000	-356.054695	6.418246	82.353396	-3.832981E-5	-4.086875E-5	-5.351397E-5	-4.566698E-5	-1.610904
	299.155000	-341.713725	6.399743	82.343421	-3.925257E-5	-4.077457E-5	-5.332565E-5	-4.622107E-5	-1.620879
	300.155000	-377.974053	6.389076	82.392910	-3.748999E-5	-4.164304E-5	-5.412080E-5	-4.610607E-5	-1.571390
	301.155000	-364.040984	6.385211	82.423815	-3.803950E-5	-4.007352E-5	-5.332565E-5	-4.580289E-5	-1.540485
	302.155000	-369.429582	6.342006	82.425670	-3.846459E-5	-4.081643E-5	-5.375461E-5	-4.601198E-5	-1.538630
	303.155000	-369.021680	6.345843	82.346851	-3.786325E-5	-4.013631E-5	-5.355582E-5	-4.632562E-5	-1.617449
	304.155000	-386.862019	6.326508	82.336316	-3.803950E-5	-4.064901E-5	-5.388016E-5	-4.640926E-5	-1.627984
	305.155000	-383.384119	6.318565	82.329736	-3.851644E-5	-4.102570E-5	-5.484271E-5	-4.638835E-5	-1.634564
	306.155000	-371.265140	6.286899	82.307267	-3.790472E-5	-4.141284E-5	-5.371276E-5	-4.542652E-5	-1.657033
	307.155000	-393.560197	6.268261	82.307022	-3.811208E-5	-4.071179E-5	-5.392201E-5	-4.700518E-5	-1.657278
	308.155000	-404.348128	6.276755	82.302612	-3.779066E-5	-4.156979E-5	-5.421496E-5	-4.635699E-5	-1.661688
	309.155000	-384.318000	6.239990	82.259283	-3.830907E-5	-4.088967E-5	-5.314778E-5	-4.560425E-5	-1.705017
	310.155000	-390.350654	6.223862	82.252038	-3.730337E-5	-4.034557E-5	-5.312686E-5	-4.601198E-5	-1.712262
	311.155000	-411.808438	6.209344	82.269012	-3.852680E-5	-4.056530E-5	-5.322102E-5	-4.572970E-5	-1.695288
	312.155000	-387.742229	6.172766	82.253508	-3.886895E-5	-3.994796E-5	-5.260373E-5	-4.526970E-5	-1.710792
	313.155000	-412.420291	6.166983	82.263692	-3.717895E-5	-4.001074E-5	-5.354536E-5	-4.664972E-5	-1.700608
	314.155000	-409.801132	6.161804	82.268137	-3.811208E-5	-3.995843E-5	-5.332564E-5	-4.588652E-5	-1.696163
	315.155000	-397.703621	6.134794	82.234083	-3.793582E-5	-4.077458E-5	-5.480086E-5	-4.681699E-5	-1.730217
	316.155000	-408.319804	6.121913	82.258898	-3.809134E-5	-4.113033E-5	-5.390108E-5	-4.543697E-5	-1.705402
	317.155000	-425.333605	6.118974	82.259982	-3.883784E-5	-4.167443E-5	-5.426727E-5	-4.543697E-5	-1.704318
	318.155000	-419.172140	6.086275	82.237163	-3.894153E-5	-4.107801E-5	-5.390108E-5	-4.539515E-5	-1.727137
	319.155000	-429.079861	6.055387	82.199083	-3.837128E-5	-4.091060E-5	-5.485317E-5	-4.685881E-5	-1.765217
	320.155000	-425.999129	6.061304	82.201533	-3.864085E-5	-4.110940E-5	-5.429866E-5	-4.625244E-5	-1.762767
	321.155000	-428.521680	6.044666	82.207518	-3.876527E-5	-4.051299E-5	-5.360813E-5	-4.562516E-5	-1.756782
	322.155000	-428.317729	6.018743	82.203843	-3.836091E-5	-4.124543E-5	-5.508335E-5	-4.683790E-5	-1.760457
	323.155000	-439.084191	5.997114	82.201428	-3.900373E-5	-4.095245E-5	-5.472762E-5	-4.673336E-5	-1.762872
	324.155000	-439.835589	5.995919	82.189564	-3.847496E-5	-3.970730E-5	-5.386970E-5	-4.632562E-5	-1.774736
	325.155000	-437.173493	5.978463	82.184279	-3.909705E-5	-4.109894E-5	-5.343027E-5	-4.538470E-5	-1.780021
	326.155000	-438.805100	5.951842	82.174864	-4.018569E-5	-4.066994E-5	-5.346166E-5	-4.486196E-5	-1.789436
	327.155000	-452.931386	5.941483	82.203458	-3.966729E-5	-4.035604E-5	-5.339888E-5	-4.561470E-5	-1.760842
	328.155000	-452.126316	5.915171	82.197263	-3.972950E-5	-4.192555E-5	-5.454976E-5	-4.615835E-5	-1.767037
	329.155000	-461.003549	5.911910	82.195898	-3.955324E-5	-4.092106E-5	-5.392201E-5	-4.574016E-5	-1.768402
	330.155000	-458.030159	5.903296	82.185609	-4.010275E-5	-4.082689E-5	-5.409987E-5	-4.559379E-5	-1.778691
	331.155000	-461.787150	5.872797	82.179764	-3.958435E-5	-4.110940E-5	-5.394293E-5	-4.554152E-5	-1.784536
	332.155000	-460.906941	5.857313	82.170664	-4.027901E-5	-4.094199E-5	-5.447652E-5	-4.559379E-5	-1.793636
	333.155000	-462.978653	5.838635	82.177769	-3.852680E-5	-4.069087E-5	-5.494733E-5	-4.556243E-5	-1.786531
	334.155000	-472.167179	5.833094	82.170244	-3.991612E-5	-4.027233E-5	-5.426727E-5	-4.591789E-5	-1.794056
	335.155000	-469.483614	5.821112	82.167724	-3.993686E-5	-4.037696E-5	-5.408941E-5	-4.542652E-5	-1.796576
	336.155000	-482.826298	5.806245	82.144834	-3.923183E-5	-4.114079E-5	-5.514612E-5	-4.659745E-5	-1.819466
	337.155000	-469.193789	5.765938	82.140704	-3.901410E-5	-4.016769E-5	-5.513566E-5	-4.585516E-5	-1.823596
	338.155000	-466.703441	5.768487	82.108225	-4.006128E-5	-4.095245E-5	-5.414172E-5	-4.521742E-5	-1.856075
	339.155000	-490.952133	5.756840	82.109170	-3.893116E-5	-4.069087E-5	-5.444513E-5	-4.600152E-5	-1.855130
	340.155000	-484.533046	5.710589	82.102135	-3.896227E-5	-4.046067E-5	-5.470669E-5	-4.566697E-5	-1.862165
	341.155000	-498.144086	5.709019	82.061431	-3.953251E-5	-4.007352E-5	-5.407895E-5	-4.522788E-5	-1.902869
	342.155000	-502.287511	5.691952	82.012466	-3.912815E-5	-4.012584E-5	-5.496826E-5	-4.512333E-5	-1.951834
	343.155000	-491.724999	5.665612	82.004627	-3.818466E-5	-4.014677E-5	-5.441375E-5	-4.567743E-5	-1.959673
	344.155000	-512.399183	5.661345	82.019991	-3.966729E-5	-4.025140E-5	-5.289668E-5	-4.462150E-5	-1.944309
	345.155000	-510.928589	5.629612	82.004942	-3.870306E-5	-4.029326E-5	-5.358721E-5	-4.533242E-5	-1.959358
	346.155000	-513.064707	5.622554	81.984362	-3.825723E-5	-4.060716E-5	-5.435097E-5	-4.581334E-5	-1.979938
	347.155000	-516.209845	5.603112	81.976277	-3.862011E-5	-4.126635E-5	-5.417311E-5	-4.541606E-5	-1.988023
	348.155000	-507.246739	5.590056	81.981632	-4.010275E-5	-4.120357E-5	-5.433005E-5	-4.622108E-5	-1.982668
	349.155000	-516.435264	5.567447	81.958322	-3.729300E-5	-4.030372E-5	-5.374415E-5	-4.556243E-5	-2.005978
	350.155000	-524.013652	5.570641	81.946597	-3.929404E-5	-4.094199E-5	-5.399525E-5	-4.575061E-5	-2.017703
	351.155000	-516.853901	5.526845	81.954787	-3.794619E-5	-4.123496E-5	-5.447652E-5	-4.542652E-5	-2.009513
	352.155000	-541.446089	5.523477	81.932353	-3.837128E-5	-4.055484E-5	-5.376507E-5	-4.512333E-5	-2.031947
	353.155000	-532.772807	5.494803	81.937183	-3.941846E-5	-4.065948E-5	-5.352443E-5	-4.488287E-5	-2.027117
	354.155000	-531.924801	5.489329	81.922903	-3.713748E-5	-4.024094E-5	-5.451837E-5	-4.502924E-5	-2.041397
	355.155000	-531.227074	5.465324	81.913978	-3.873416E-5	-4.048160E-5	-5.449745E-5	-4.538469E-5	-2.050322
	356.155000	-536.862560	5.450430	81.916358	-3.744852E-5	-4.023047E-5	-5.429866E-5	-4.557288E-5	-2.047942
	357.155000	-536.830358	5.442930	81.917373	-3.814319E-5	-4.068040E-5	-5.476947E-5	-4.555197E-5	-2.046927
	358.155000	-538.161406	5.420656	81.913593	-3.826760E-5	-3.992704E-5	-5.357674E-5	-4.605380E-5	-2.050707
	359.155000	-531.753053	5.408889	81.918423	-3.872380E-5	-4.165350E-5	-5.434051E-5	-4.563561E-5	-2.045877
	360.155000	-545.460702	5.415692	81.922028	-3.783214E-5	-4.077457E-5	-5.474855E-5	-4.493514E-5	-2.042272
	361.155000	-556.506255	5.384831	81.930148	-3.914889E-5	-4.076411E-5	-5.324195E-5	-4.506060E-5	-2.034152
	362.155000	-551.654370	5.346201	81.910513	-3.744852E-5	-4.020955E-5	-5.447652E-5	-4.555197E-5	-2.053787
	363.155000	-556.366710	5.325537	81.903653	-3.768699E-5	-4.074318E-5	-5.483225E-5	-4.510242E-5	-2.060647
	364.155000	-557.300590	5.327389	81.907398	-3.795656E-5	-4.099431E-5	-5.419403E-5	-4.496650E-5	-2.056902
	365.155000	-566.703802	5.287498	81.887343	-3.804987E-5	-4.025140E-5	-5.423588E-5	-4.519651E-5	-2.076957
	366.155000	-555.808528	5.297668	81.860604	-3.813282E-5	-4.051299E-5	-5.404756E-5	-4.463195E-5	-2.103696
	367.155000	-559.447442	5.266338	81.841004	-3.809134E-5	-4.065948E-5	-5.493687E-5	-4.583425E-5	-2.123296
	368.155000	-577.599075	5.259159	81.841144	-3.789434E-5	-4.065948E-5	-5.338842E-5	-4.541606E-5	-2.123156
	369.155000	-568.678905	5.229720	81.841074	-3.825723E-5	-4.109894E-5	-5.444513E-5	-4.487241E-5	-2.123226
	370.155000	-579.262885	5.202026	81.826304	-3.759367E-5	-4.017816E-5	-5.332564E-5	-4.499787E-5	-2.137996
	371.155000	-581.109178	5.199450	81.811570	-3.818465E-5	-4.094199E-5	-5.450791E-5	-4.561470E-5	-2.152730
	372.155000	-570.943834	5.196001	81.832359	-3.877564E-5	-4.035604E-5	-5.385923E-5	-4.468423E-5	-2.131941
	373.155000	-573.949427	5.158874	81.820844	-3.911779E-5	-4.075365E-5	-5.358721E-5	-4.489332E-5	-2.143456
	374.155000	-579.359494	5.153520	81.799425	-3.848533E-5	-4.013631E-5	-5.326287E-5	-4.511287E-5	-2.164875
	375.155000	-590.544592	5.118701	81.786335	-3.863048E-5	-4.039789E-5	-5.353489E-5	-4.591789E-5	-2.177965
	376.155000	-592.305010	5.116554	81.746471	-3.878600E-5	-3.993750E-5	-5.357674E-5	-4.582380E-5	-2.217829
	377.155000	-606.259548	5.107417	81.745106	-3.859938E-5	-4.011538E-5	-5.355582E-5	-4.491423E-5	-2.219194
	378.155000	-590.083019	5.085465	81.714306	-3.726189E-5	-4.019909E-5	-5.375461E-5	-4.595971E-5	-2.249994
	379.155000	-588.816376	5.075281	81.680707	-3.870306E-5	-4.032465E-5	-5.273974E-5	-4.440195E-5	-2.283593
	380.155000	-593.721933	5.039885	81.668422	-3.702343E-5	-3.980148E-5	-5.337796E-5	-4.498742E-5	-2.295878
	381.155000	-592.712912	5.043467	81.680357	-3.718932E-5	-4.014677E-5	-5.351397E-5	-4.483059E-5	-2.283943
	382.155000	-593.593122	5.028533	81.663207	-3.825723E-5	-3.948757E-5	-5.285483E-5	-4.419286E-5	-2.301093
	383.155000	-595.439414	5.021824	81.677347	-3.746925E-5	-3.947711E-5	-5.269789E-5	-4.444377E-5	-2.286953
	384.155000	-610.832342	4.974996	81.675562	-3.742778E-5	-3.949804E-5	-5.244679E-5	-4.400467E-5	-2.288738
	385.155000	-623.563174	4.958828	81.650292	-3.660871E-5	-3.919459E-5	-5.233170E-5	-4.358648E-5	-2.314008
	386.155000	-628.533136	4.947664	81.654737	-3.765588E-5	-3.955035E-5	-5.256188E-5	-4.510242E-5	-2.309563
	387.155000	-608.395665	4.934072	81.643992	-3.679533E-5	-3.964452E-5	-5.377553E-5	-4.484105E-5	-2.320308
	388.155000	-607.526190	4.922895	81.618163	-3.725153E-5	-4.012584E-5	-5.310593E-5	-4.567743E-5	-2.346137
	389.155000	-608.610351	4.910389	81.627928	-3.774920E-5	-3.996889E-5	-5.312686E-5	-4.491423E-5	-2.336372
	390.155000	-630.422366	4.879394	81.604233	-3.769736E-5	-3.974916E-5	-5.248864E-5	-4.454832E-5	-2.360067
	391.155000	-632.311596	4.867653	81.608398	-3.872380E-5	-4.057577E-5	-5.435097E-5	-4.520697E-5	-2.355902
	392.155000	-623.112335	4.862380	81.589113	-3.761441E-5	-4.018862E-5	-5.313732E-5	-4.485150E-5	-2.375187
	393.155000	-617.101150	4.843085	81.590338	-3.804987E-5	-4.111987E-5	-5.374414E-5	-4.579243E-5	-2.373962
	394.155000	-607.869687	4.834163	81.599508	-3.837128E-5	-4.121404E-5	-5.422542E-5	-4.551015E-5	-2.364792
	395.155000	-633.095197	4.821161	81.605633	-3.845423E-5	-4.034557E-5	-5.349305E-5	-4.517560E-5	-2.358667
	396.155000	-627.298696	4.796780	81.581798	-3.904521E-5	-4.059670E-5	-5.412080E-5	-4.607471E-5	-2.382502
	397.155000	-631.560197	4.779512	81.571088	-3.880674E-5	-3.963406E-5	-5.356628E-5	-4.570880E-5	-2.393212
	398.155000	-629.756842	4.767261	81.559539	-3.963619E-5	-4.084782E-5	-5.472762E-5	-4.526969E-5	-2.404761
	399.155000	-636.959530	4.727370	81.545119	-3.762478E-5	-4.026187E-5	-5.315824E-5	-4.461105E-5	-2.419181
	400.155000	-636.294006	4.734146	81.547989	-3.730336E-5	-4.085828E-5	-5.494733E-5	-4.498741E-5	-2.416311
	401.155000	-625.871040	4.711617	81.559959	-3.874453E-5	-4.010492E-5	-5.341981E-5	-4.453786E-5	-2.404341
	402.155000	-630.916142	4.689760	81.545259	-3.839202E-5	-4.090013E-5	-5.318963E-5	-4.474696E-5	-2.419041
	403.155000	-652.738892	4.665916	81.543019	-3.721005E-5	-4.059670E-5	-5.435097E-5	-4.523833E-5	-2.421281
	404.155000	-637.174215	4.667030	81.547079	-3.782177E-5	-4.048160E-5	-5.490549E-5	-4.534288E-5	-2.417221
	405.155000	-637.689460	4.643482	81.540044	-3.813281E-5	-3.974916E-5	-5.263512E-5	-4.496651E-5	-2.424256
	406.155000	-659.748363	4.627340	81.527899	-3.841275E-5	-4.100477E-5	-5.440328E-5	-4.475741E-5	-2.436401
	407.155000	-655.433191	4.615640	81.542319	-3.877564E-5	-4.034557E-5	-5.328379E-5	-4.440195E-5	-2.421981
	408.155000	-656.141652	4.573924	81.528739	-3.875490E-5	-4.025140E-5	-5.351397E-5	-4.492469E-5	-2.435561
	409.155000	-653.608367	4.571025	81.528214	-3.826760E-5	-3.959221E-5	-5.302223E-5	-4.436013E-5	-2.436086
	410.155000	-663.569759	4.553327	81.509804	-3.897263E-5	-4.020955E-5	-5.359767E-5	-4.465287E-5	-2.454496
	411.155000	-674.776326	4.529927	81.500040	-3.733447E-5	-4.035604E-5	-5.439282E-5	-4.521742E-5	-2.464260
	412.155000	-658.567594	4.526062	81.467770	-3.763515E-5	-3.963406E-5	-5.368137E-5	-4.474696E-5	-2.496530
	413.155000	-654.273891	4.503601	81.472250	-3.699232E-5	-4.010492E-5	-5.314778E-5	-4.511287E-5	-2.492050
	414.155000	-662.056229	4.500971	81.465915	-3.816392E-5	-4.075365E-5	-5.398478E-5	-4.548924E-5	-2.498385
	415.155000	-675.753144	4.479918	81.450410	-3.741742E-5	-4.041882E-5	-5.417311E-5	-4.528015E-5	-2.513890
	416.155000	-656.410008	4.467507	81.461470	-3.828834E-5	-4.003167E-5	-5.374414E-5	-4.568788E-5	-2.502830
	417.155000	-657.086267	4.433466	81.467945	-3.860974E-5	-3.975962E-5	-5.245725E-5	-4.513378E-5	-2.496355
	418.155000	-662.796893	4.417579	81.473930	-3.860974E-5	-4.086875E-5	-5.419403E-5	-4.541606E-5	-2.490370
	419.155000	-670.708042	4.397935	81.445791	-3.828834E-5	-3.945618E-5	-5.303269E-5	-4.519651E-5	-2.518509
	420.155000	-674.003460	4.375863	81.443271	-3.841275E-5	-4.006306E-5	-5.278159E-5	-4.509196E-5	-2.521029
	421.155000	-669.709756	4.358836	81.433366	-3.747962E-5	-4.088967E-5	-5.460207E-5	-4.554152E-5	-2.530934
	422.155000	-669.334057	4.342600	81.424301	-3.799803E-5	-3.938294E-5	-5.298038E-5	-4.484105E-5	-2.539999
	423.155000	-672.124964	4.332483	81.422411	-3.728263E-5	-4.082689E-5	-5.392201E-5	-4.512333E-5	-2.541889
	424.155000	-690.544954	4.320568	81.413976	-3.755220E-5	-4.014677E-5	-5.312685E-5	-4.522788E-5	-2.550324
	425.155000	-669.774161	4.312061	81.409951	-3.872380E-5	-4.066994E-5	-5.423588E-5	-4.450650E-5	-2.554349
	426.155000	-681.785798	4.296081	81.416216	-3.829870E-5	-4.094199E-5	-5.361859E-5	-4.449604E-5	-2.548084
	427.155000	-680.036114	4.252043	81.418701	-3.768698E-5	-4.031418E-5	-5.424635E-5	-4.555197E-5	-2.545599
	428.155000	-677.341814	4.244301	81.416181	-3.751073E-5	-4.008399E-5	-5.332564E-5	-4.491423E-5	-2.548119
	429.155000	-682.837755	4.222846	81.421151	-3.793582E-5	-4.064901E-5	-5.426727E-5	-4.450650E-5	-2.543149
	430.155000	-673.692166	4.210596	81.410406	-3.802914E-5	-4.036650E-5	-5.403710E-5	-4.474696E-5	-2.553894
	431.155000	-679.381324	4.197607	81.415831	-3.864085E-5	-4.010492E-5	-5.309547E-5	-4.466332E-5	-2.548469
	432.155000	-677.213003	4.173267	81.410476	-3.853717E-5	-4.047113E-5	-5.340934E-5	-4.442286E-5	-2.553824
	433.155000	-681.495973	4.177064	81.381917	-3.802913E-5	-4.073272E-5	-5.350350E-5	-4.441240E-5	-2.582383
	434.155000	-683.159783	4.168906	81.362702	-3.836091E-5	-4.033511E-5	-5.422542E-5	-4.659745E-5	-2.601598
	435.155000	-694.656175	4.111813	81.356052	-3.940809E-5	-3.963406E-5	-5.273974E-5	-4.501878E-5	-2.608248
	436.155000	-684.802125	4.110646	81.352797	-3.929403E-5	-4.080596E-5	-5.409987E-5	-4.605380E-5	-2.611503
	437.155000	-686.176110	4.091432	81.332252	-3.896226E-5	-4.092106E-5	-5.423588E-5	-4.590743E-5	-2.632048
	438.155000	-694.409287	4.098932	81.263374	-3.851644E-5	-3.982240E-5	-5.426727E-5	-4.539515E-5	-2.700926
	439.155000	-687.045585	4.071627	81.255429	-3.920073E-5	-4.063855E-5	-5.425681E-5	-4.659745E-5	-2.708871
	440.155000	-689.310514	4.050427	81.220184	-3.949104E-5	-4.046067E-5	-5.445560E-5	-4.612698E-5	-2.744116
	441.155000	-668.851015	4.028408	81.219554	-3.804987E-5	-3.972823E-5	-5.378599E-5	-4.595971E-5	-2.744746
	442.155000	-681.431567	4.008295	81.218119	-3.841275E-5	-3.994796E-5	-5.276067E-5	-4.513378E-5	-2.746181
	443.155000	173.519987	3.975502	120.162101	-4.709043E-5	-4.838108E-5	-6.165340E-5	-5.367490E-5	36.197801
	444.155000	181.881975	3.926782	120.161016	-4.732891E-5	-4.955296E-5	-6.329600E-5	-5.395718E-5	36.196716
	445.155000	171.383869	3.856405	120.161786	-4.680016E-5	-4.846480E-5	-6.162203E-5	-5.403035E-5	36.197486
	446.155000	178.865648	3.807148	120.165951	-4.665499E-5	-4.873683E-5	-6.136047E-5	-5.462627E-5	36.201651
	447.155000	196.867001	3.773952	120.159931	-4.807538E-5	-4.893564E-5	-6.137092E-5	-5.481446E-5	36.195631
	448.155000	164.911111	3.777709	120.159686	-4.691420E-5	-4.906121E-5	-6.222884E-5	-5.452172E-5	36.195386
	449.155000	178.039110	3.781695	120.158076	-4.774362E-5	-4.900886E-5	-6.320184E-5	-5.510717E-5	36.193776
	450.155000	184.425994	3.742957	120.165916	-4.800280E-5	-4.839154E-5	-6.138139E-5	-5.463672E-5	36.201616
